25.1586567230141 4.59613791872421 0
37.2124740970049 5.40661877519079 1
29.247140953936 2.15331209701775 0
28.1687949139351 3.09712139226897 0
33.3404789144409 5.36491838311636 0
33.3837080954069 2.43318236228053 1
24.3404336520304 4.56478142832623 0
27.5442451712057 4.29846341524916 1
32.8788390443730 5.31264027409471 0
33.8848276932554 0.206096832348892 1
31.6424208686732 4.57706012547469 0
31.5106250867355 2.99470530195343 0
32.0574778341703 3.65613514070399 0
32.4950529753999 1.30093648664365 1
38.3510454929023 0.181370469550918 1
37.6307889883792 6.11518008060754 1
24.0919156244627 1.55468147662099 0
35.2553616473243 0.751957095197014 1
38.9084038032388 4.30311483496517 1
27.2639829901895 4.61371883956584 0
26.2926526977897 2.02111886803343 0
22.2801102413475 5.09232140275795 0
24.4223936769201 2.44942339352752 0
23.7513564586922 3.7452921871157 0
26.4563257704244 2.13345886648529 0
36.9039259121631 4.51166647164652 1
33.2958222604377 5.95175512911948 1
39.1470287492799 0.511648323132081 1
32.5549025442147 1.47929820915389 1
36.2358478817001 2.27795210294572 1
29.1383703410091 2.04354841872568 0
29.0273292236323 2.61711380305475 0
25.2010515710783 3.17732886031767 0
30.5357903214118 3.87883913612217 0
26.8621369737013 3.67826706949052 0
28.3296124480137 5.65003295660849 0
38.7593937340627 3.61222034562508 1
25.7977466279711 1.96828258261864 0
32.9085482773104 3.01594167325354 0
25.9049201337320 3.74239945240455 0
27.2967103167511 0.423502274535347 1
36.8122001015635 4.61734549833360 1
25.2524864760628 4.04324793220274 0
32.7494858367727 0.423202999532199 1
29.8944462381707 4.38234700917755 1
27.0357075429494 2.19446820456911 0
22.8923353220424 1.97338451380884 0
23.9419466827058 6.17207903582027 0
27.9105020598238 4.71311940367832 0
37.0828770502192 4.42874834659664 1
26.3138172456637 1.40049784008222 0
26.0060745947185 1.60362679346990 0
38.5241111491415 4.08582340529923 1
40.7129415146663 3.87839392480019 1
37.9048299873782 1.59180781540202 1
39.1524732227384 3.2596617581562 1
30.8743737490220 0.265922371271294 1
26.2213359066333 2.95845910296519 0
24.4003980920986 5.50548194951311 0
27.2630585824956 5.96789262965401 0
37.3743853964147 4.75011418516232 1
23.0771279051552 5.82055383173882 0
37.1241234095756 3.49921053257561 0
23.9588129154006 3.89147470043271 0
36.4413315933786 5.85754348715787 1
27.7366923912449 4.21691495017683 0
36.4918748351647 0.322475555555561 1
32.1822689229630 1.10859406274108 1
28.8216721868826 3.4611843104594 0
23.7358053425372 1.26361343658309 0
36.3121977444927 0.0509933758273572 1
36.3322667100913 4.54101871161085 1
39.0172143889393 5.81584461944408 1
40.2051499877967 5.81559780322034 1
31.7035071006571 1.19210645583603 1
32.3486152648015 2.22791305148694 0
25.0771959276965 0.60131196198254 1
25.0937280576975 0.479234599393239 1
36.8131722369597 1.19499449165432 1
36.1493029823120 1.66424177419000 1
36.7732474982769 0.767396415152377 1
34.325448129608 0.0497152813553066 1
29.1182485567532 0.149038236200763 0
22.1526321070516 2.47203915613624 0
39.9986864209032 1.01222547827129 1
37.7986905511133 2.32064496936640 0
26.0141138708438 2.76282872094025 0
31.3162794188870 6.26495923361332 1
33.9840702636782 5.14749328369968 1
39.353312298252 4.29344643278599 1
22.2125185282357 4.13585613110023 0
27.0315748154675 3.77244785119525 0
30.2014892646367 0.67283032715809 1
37.6262349624343 4.00917047415697 1
38.408056933349 1.63495521339577 1
26.7236869669771 3.65606731104433 0
28.1051575166677 6.11486927927285 0
27.7635953362262 5.27487797264042 0
25.4647831011037 4.14168820324087 0
34.8084205929497 2.52746868328425 1
36.4362734092907 0.61758239934585 1
34.8490381359877 2.00727854387124 1
25.9331711372426 6.25675632132338 0
35.4109723107102 4.56340612002198 1
33.4007505716945 4.31589765660958 0
28.4105383551311 3.95375269570405 1
22.7671908419811 5.04802210014276 0
29.5640049678626 3.41299366477129 0
23.4813877847505 5.41484994081759 0
27.8826272383827 6.18387980494682 0
28.1186856058355 3.70333906862849 0
23.4683214934698 0.350375325601542 1
24.8227245418390 3.31240934538493 0
24.8642934482993 3.89024179988889 0
39.2087778235938 1.02012126992842 1
35.2283038670934 5.90906730098867 1
37.4581200579681 0.596610273475485 1
34.536717272673 5.09770061982965 1
26.0661419686286 6.24002770972099 1
30.7196692317236 4.04843850745103 0
35.5035101988390 1.58894447071508 1
37.4890281537343 1.30482748007914 1
37.4617694212244 5.14808144113594 1
25.7600145855143 1.70729639391916 0
33.3222856234059 5.23165335012711 1
30.0933663308939 3.39825204116921 0
34.0090284989917 5.94441312363834 1
29.9084145501099 5.16416341515185 0
38.5763080779131 6.07443739077955 1
28.0367295220471 5.80524957862096 0
27.9346556565466 4.76771044470002 0
31.2947631825808 3.17405422791609 0
28.3560836975732 5.58173231632124 0
26.1905656353052 0.84963781331672 1
37.6407976389711 0.820458052856857 1
32.1415738174713 5.7983955484831 1
23.8515600653518 4.70006484353778 0
24.0568740946252 0.334060550117086 1
32.8080610737408 5.58000827614233 1
32.1319299908529 0.689423719779496 1
31.1804009280996 3.72423765360701 0
28.0084948798123 1.76965350672606 1
34.8047913916303 2.12195070877004 1
38.2314613976876 3.12992732141903 1
37.9591548431408 3.7331218819565 1
27.0291376129654 2.66629532997132 0
33.4027339155659 1.82814307667428 1
37.6542633332199 0.302703227318726 1
33.1437421347872 1.93726533999741 1
25.7391882964844 5.50968751568611 0
36.5552013638031 5.51517412849984 0
24.3497037498929 1.53133222444234 0
38.7335300504736 6.18541943259849 1
27.8221976649741 5.57007135973845 0
34.229655532559 0.274643886557413 1
26.9371662296224 2.35408346575685 0
25.0365467461292 0.343741172050989 0
23.9799079805176 4.82355494319039 0
30.2412296098101 0.93937539243566 1
22.7172475341218 6.07489076811024 0
40.0617838126829 3.93759720712882 1
31.5618623353955 0.666859315835786 1
28.8204799115739 1.17522340836077 0
38.5689236126976 5.16190352124677 1
36.2126690053497 4.10349160383347 1
36.3075607184276 0.705642897956227 1
38.7597223903126 3.72903112413144 1
25.3906693875929 3.01279646228859 0
36.8161079229457 2.09492170560071 1
32.3089185877327 1.79901841702387 0
31.3677815551977 1.83386648033416 1
24.0416216375849 0.634410205571525 1
33.0508171234246 0.584601275515374 1
38.9052803663465 1.81428935949707 1
25.5289055742106 4.72759803557146 0
31.9809005768545 5.77425824720475 1
34.6193074568399 6.1871865045127 1
36.7489611461272 1.7471014059234 1
25.5292813174047 2.12660707900084 0
32.6675532503745 0.318463275970869 1
25.6970239852916 0.548774113318833 1
27.7856813425513 2.11954998559315 0
25.0275942141346 1.57731914350211 0
23.8444267378201 2.27977539919047 0
26.8460911835012 4.66292447976112 0
28.4303829237257 4.43997103486666 0
38.0895426424989 4.89920579446629 1
24.3271762480577 2.52111917701897 0
28.5497328086817 6.25982243962238 0
28.1024079621378 2.07978130662232 0
30.8855653312649 0.535374607335624 1
38.0358295044682 5.36877856603419 1
28.061128660792 3.2862928739405 0
32.5121664222323 6.26455228637662 1
35.2935553165068 2.650796418048 1
29.3563749622566 1.43652006192378 0
37.5276573804424 0.6506942422213 1
39.0788633338253 5.64783490902812 1
29.8536196017146 1.59494773352936 0
27.2526629798313 2.59718948348115 0
